Champion	Picks	Bans	Presence	Wins	Losses	Winrate	KDA	Avg_BT	GT	CSM	DPM	GPM	CSD@15	GD@15	XPD@15
Zeri		1757	3292	65		939	818	53	4.8	3.8	32:13	9.6	613	450	0.7	-22	-9
Gwen		1812	2883	60		934	878	52	2.7	5.1	32:00	8.2	494	398	0.1	-93	-39
Nautilus	2739	1357	53		1350	1389	49	2.4	7.3	31:47	1.1	139	232	3.2	-52	-58
Jinx		2599	1191	49		1319	1280	51	4.1	4.9	31:47	9.6	555	447	1	24	-99
Ahri		1918	1855	49		1016	902	53	4.7	5.4	32:09	8.5	513	399	0.9	71	63
Aphelios	2788	920	48		1393	1395	50	3.5	5.1	32:01	9.1	533	433	0.8	75	20
Viego		2468	1092	46		1184	1284	48	3.2	5.8	32:13	5.7	285	346	3.3	104	103
Lee_Sin		1912	1569	45		973	939	51	3.4	4.6	32:00	5.4	279	340	-2	18	-21
Wukong		1744	1680	44		978	766	56	3.5	4.8	32:30	5.3	328	339	-6.2	-103	-188
Gnar		2165	1142	43		1087	1078	50	2.7	6.7	32:07	8.2	498	396	4.5	162	96
Xin_Zhao	1881	1165	39		921	960	49	2.7	5.5	32:13	5.4	311	330	-1	-89	-45
Kalista		769	1973	35		407	362	53	3.9	3.7	31:37	9.2	448	450	9.7	494	214
Renata_Glasc	1198	1466	34		651	547	54	4.0	5.7	31:51	0.8	167	242	-4.2	9	21
LeBlanc		804	1843	34		382	422	48	4.0	5.8	32:12	7.8	544	385	3.3	163	158
Azir		1207	1376	33		604	603	50	3.4	5.2	32:29	9.1	646	417	6.2	173	222
Yuumi		835	1743	33		414	421	50	5.9	5.1	31:44	0.2	261	232	-11.9	-183	186
Sylas		1119	1410	33		619	500	55	3.4	5.7	31:42	8.1	484	396	-5.4	-138	-84
Lucian		764	1761	33		403	361	53	3.6	4.0	32:32	9.0	594	434	5.8	169	68
Corki		1048	1440	32		541	507	52	4.0	4.9	32:57	9.3	752	444	2.9	165	-6
Leona		1779	694	32		902	877	51	2.4	7.8	32:10	1.2	109	232	2.6	-39	-60
Akali		899	1468	30		479	420	53	3.2	5.4	32:25	7.8	511	389	-2.8	-49	117
Viktor		1401	870	29		675	726	48	3.4	6.8	32:33	8.8	663	406	2.3	-64	52
Ryze		1043	1225	29		475	568	46	3.4	5.0	31:33	9.0	421	406	2.9	58	-10
Gangplank	901	1316	29		486	415	54	3.3	6.0	32:38	8.5	657	448	0.2	303	-72
Rakan		1356	802	28		711	645	52	3.8	7.8	32:04	1.2	143	239	4	-10	-70
Taliyah		743	1376	27		405	338	55	4.0	4.2	32:28	8.5	609	408	-1.8	-51	15
Karma		801	1276	27		349	452	44	3.3	4.7	32:36	2.0	264	256	-10.6	-112	-186
Ornn		1218	858	27		620	598	51	3.3	7.2	32:06	7.0	372	337	-9.8	-472	-143
Trundle		1126	949	27		538	588	48	3.3	5.9	32:26	4.7	253	315	-8	-246	-288
Camille		871	1160	26		448	423	51	2.5	7.4	31:39	7.5	443	388	-4.7	-121	-38
Tahm_Kench	1222	782	26		618	604	51	2.9	6.7	32:05	2.3	176	253	-0.4	-164	-10
Poppy		784	1212	26		420	364	54	3.2	4.9	33:03	5.0	250	310	-2.5	-119	-96
Jayce		791	1141	25		410	381	52	2.6	6.7	32:01	8.5	665	418	9.9	330	-25
Volibear	1047	868	25		528	519	50	3.2	5.1	31:42	5.0	277	320	-4.7	-116	-173
Renekton	822	1082	25		367	455	45	2.3	5.4	32:05	8.2	391	386	10.4	356	183
Caitlyn		356	1536	24		185	171	52	4.0	3.7	32:56	9.2	518	439	7.2	401	48
Twisted_Fate	414	1446	24		230	184	56	4.4	4.1	31:47	7.7	401	404	-8.8	247	-172
Lulu		975	813	23		448	527	46	4.3	6.9	32:26	0.7	118	232	-2.8	-80	-70
Thresh		803	958	23		415	388	52	3.1	5.4	32:29	1.1	108	234	2.9	-5	-30
Hecarim		802	940	22		413	389	51	3.5	4.5	31:28	5.8	290	347	5	94	160
Senna		661	1069	22		342	319	52	4.4	3.9	32:09	2.4	450	318	-1.9	559	285
Graves		998	616	21		472	526	47	2.8	5.5	31:57	8.6	493	411	6.9	225	164
Seraphine	499	1089	20		266	233	53	4.5	4.1	31:50	7.4	390	359	-6.9	-392	-142
Jarvan_IV	795	775	20		387	408	49	3.3	6.3	32:05	4.9	249	323	-4.6	-140	-185
Ezreal		1083	453	20		472	611	44	3.4	6.8	32:27	9.0	686	422	0	-169	-30
Tryndamere	455	999	19		229	226	50	2.9	5.8	31:48	8.9	394	431	4.5	328	179
Diana		414	961	18		197	217	48	2.8	4.0	30:53	6.7	416	375	14	356	511
Sejuani		859	435	17		402	457	47	3.1	6.9	32:04	6.6	385	340	-7.8	-208	-84
Vex		564	717	16		277	287	49	3.2	6.9	31:58	7.7	497	376	-4.9	-137	-185
Syndra		509	666	15		218	291	43	2.8	7.0	32:10	8.3	515	383	4.5	15	-58
Sivir		727	413	15		400	327	55	4.7	5.3	32:29	10.1	683	459	-1.5	-60	-24
Gragas		832	306	15		385	447	46	2.6	7.5	32:21	6.7	406	336	-11.3	-427	-145
Xayah		717	390	14		349	368	49	3.9	6.1	32:17	9.3	585	430	1.2	2	139
Orianna		710	366	14		345	365	49	4.3	7.8	32:24	8.8	486	401	5.4	47	77
Fiora		358	716	14		183	175	51	2.6	5.5	31:34	8.4	492	407	3.8	100	-4
Aatrox		653	412	14		346	307	53	2.7	7.3	31:36	8.1	479	391	7.5	251	268
Braum		684	381	14		309	375	45	3.1	8.3	31:59	1.1	155	230	1.6	-33	39
Draven		327	725	14		167	160	51	3.5	4.1	31:55	8.7	540	476	5.4	675	123
Jhin		774	197	13		363	411	47	5.2	6.6	32:30	8.7	463	412	-3.9	-275	-11
Lissandra	499	463	12		257	242	52	3.2	7.3	32:23	8.2	453	378	0.2	-18	-31
Jax		389	475	11		207	182	53	2.3	7.5	31:42	8.2	410	402	-2.1	-17	-104
Veigar		338	466	10		155	183	46	3.5	6.4	32:10	8.5	456	401	-1.9	-102	-60
Zoe		339	457	10		160	179	47	4.2	6.0	32:23	7.8	552	374	-0.5	22	-80
Irelia		265	528	10		144	121	54	2.1	6.4	31:30	8.9	456	421	12.6	219	33
Kaisa		511	277	10		247	264	48	4.1	6.9	31:37	9.1	548	445	1	-14	48
Galio		369	405	10		186	183	50	3.7	6.4	31:04	6.5	364	342	-12.3	-349	-208
Swain		398	376	10		209	189	53	3.7	6.2	31:39	7.7	546	370	-4.1	-125	-109
Alistar		517	247	10		249	268	48	2.8	8.3	32:06	1.0	129	231	0.4	-73	-70
Vi		408	348	10		192	216	47	2.5	6.2	32:05	5.2	269	327	-1.6	-140	-62
Yone		346	364	9		172	174	50	2.7	6.3	31:41	8.8	495	418	0.7	64	120
Nami		627	52	9		334	293	53	4.8	7.0	32:43	0.5	197	250	-8.7	-8	-6
Kennen		381	292	9		179	202	47	2.2	8.1	31:55	7.7	535	379	3.6	83	33
Olaf		272	322	8		138	134	51	2.5	6.3	32:33	7.2	448	379	10.7	327	245
Twitch		316	253	7		154	162	49	3.4	5.4	32:32	8.2	592	412	-9.5	-260	-115
Sion		387	153	7		187	200	48	2.8	7.7	32:11	7.3	372	350	-9.8	-444	-101
Sett		345	187	7		167	178	48	2.1	7.6	31:48	4.4	328	313	-1.3	18	-40
Yasuo		247	282	7		116	131	47	2.6	6.0	31:12	8.5	354	407	1.2	-3	-35
Lillia		189	305	6		81	108	43	3.0	4.1	31:23	7.0	508	367	10.9	181	296
Kayle		187	294	6		91	96	49	2.9	7.1	32:52	9.4	513	433	-3	-230	-35
Amumu		304	171	6		150	154	49	2.4	7.2	31:41	1.1	178	235	3.7	-45	-77
Tristana	292	145	6		124	168	42	3.0	7.1	31:08	9.2	475	443	0.5	290	75
Pyke		200	232	6		109	91	55	2.5	6.2	32:19	1.6	198	283	6.7	237	-40
Zilean		222	201	5		100	122	45	4.5	6.5	32:23	4.0	230	281	-3.7	-230	192
Malphite	163	213	5		86	77	53	3.0	8.7	31:13	6.7	398	338	-18.1	-809	-174
Nocturne	199	168	5		102	97	51	3.1	5.8	31:43	5.8	295	342	4.6	86	137
Akshan		111	248	5		55	56	50	2.7	5.4	31:28	8.2	458	405	4.5	315	26
Miss_Fortune	232	121	5		112	120	48	3.7	6.8	32:19	8.7	641	418	1.7	7	18
Varus		259	91	5		116	143	45	3.3	6.9	32:13	8.7	544	411	2.9	33	33
Rell		222	122	4		115	107	52	2.6	6.6	32:07	1.1	136	233	2.7	-47	-69
Samira		129	208	4		68	61	53	3.4	5.2	30:39	8.6	464	441	-1.2	37	16
Nidalee		116	217	4		54	62	47	3.7	3.2	31:35	6.5	484	382	11.5	439	439
Karthus		99	203	4		44	55	44	2.5	2.9	31:57	7.6	798	410	12.4	147	429
Lux		196	95	4		108	88	55	3.4	5.8	32:44	1.5	344	266	-7.5	287	68
Belveth		105	186	4		55	50	52	3.4	4.2	30:22	6.5	344	382	10.1	463	302
Ashe		208	79	4		98	110	47	3.9	7.3	32:03	6.0	454	349	-3.5	-63	-29
Udyr		153	110	3		55	98	36	2.3	5.4	31:37	6.3	224	338	14.1	90	336
Darius		91	168	3		53	38	58	2.8	6.1	32:41	8.0	429	412	10.9	571	79
Ziggs		137	102	3		56	81	41	3.3	5.8	32:17	8.7	680	409	-5.9	-46	-45
RekSai		105	108	3		48	57	46	2.4	4.8	31:19	5.6	317	352	1.7	311	69
Rumble		97	97	2		50	47	52	3.5	6.1	32:04	6.6	605	376	2.6	360	247
Shyvana		139	52	2		63	76	45	3.0	7.0	32:23	8.1	572	387	-0.5	-243	178
Kindred		88	90	2		45	43	51	2.9	6.1	31:57	6.8	433	383	7.8	327	277
KogMaw		103	66	2		43	60	42	3.1	6.6	33:13	9.1	674	416	-1.9	-188	-104
Vladimir	98	65	2		46	52	47	3.3	7.9	32:56	8.2	587	394	6.9	142	288
Blitzcrank	103	56	2		60	43	58	2.7	7.8	31:20	1.1	171	240	2.2	3	-103
Urgot		77	82	2		32	45	42	2.4	5.8	31:59	8.2	399	398	-1.1	-104	-50
Cassiopeia	89	67	2		45	44	51	3.1	5.9	32:24	8.7	550	412	6.7	94	-39
Soraka		104	52	2		43	61	41	3.7	6.4	31:02	2.7	169	258	-14.2	-405	-108
Xerath		71	75	2		25	46	35	4.0	7.0	33:19	8.0	781	397	-5.1	45	54
Bard		102	33	2		51	51	50	3.7	7.6	32:36	1.0	217	243	-8.8	-126	-134
Riven		52	75	2		18	34	35	2.1	5.3	31:42	8.2	351	393	-4.5	-216	-259
Talon		52	72	2		25	27	48	2.8	4.3	31:39	6.8	420	391	3.5	29	200
Kassadin	40	82	2		18	22	45	3.5	5.5	31:32	8.7	545	414	-4.8	-422	-62
Maokai		59	55	1		28	31	47	2.8	4.4	31:11	4.5	395	297	-11.2	-435	-341
Mordekaiser	71	41	1		33	38	46	2.2	8.0	31:05	7.9	502	384	8.6	357	303
Vayne		82	29	1		35	47	43	2.7	8.4	30:06	8.5	488	421	-0.3	-203	-87
Janna		58	47	1		28	30	48	4.0	6.1	33:36	0.6	95	232	-21.6	-560	-770
Pantheon	45	60	1		23	22	51	2.8	4.3	30:34	5.5	383	354	4.7	255	147
KhaZix		47	53	1		27	20	57	3.6	4.5	31:14	6.0	426	370	0.2	-52	-68
Qiyana		52	45	1		22	30	42	2.9	3.9	32:42	6.5	445	376	0	83	99
Shen		53	38	1		23	30	43	3.7	5.8	31:31	5.3	288	318	-11.8	-502	-131
Skarner		54	32	1		27	27	50	3.3	7.9	34:12	4.8	170	304	-1.6	-182	-120
VelKoz		36	43	1		20	16	56	5.0	5.2	33:36	8.2	740	408	4	141	66
Morgana		58	20	1		26	32	45	3.3	7.5	32:32	2.4	306	272	-2.2	219	205
Taric		52	26	1		20	32	38	2.9	8.1	31:24	1.3	111	236	4.3	-107	179
Nilah		42	36	1		17	25	40	3.0	5.4	33:24	9.2	398	430	-4.1	101	764
Ekko		27	50	1		8	19	30	2.3	5.4	30:10	8.5	502	427	1	342	237
Zac		45	29	1		23	22	51	3.2	5.3	32:17	5.4	337	324	-7.2	-342	-164
Zed 		43	31	1		24	19	56	3.2	6.7	32:48	7.1	431	392	4.9	163	411
Evelynn		16	55	1		10	6	63	3.0	2.9	28:00	5.9	471	364	2.4	49	536
Rengar		25	46	1		13	12	52	2.8	3.2	31:05	6.3	453	380	5	242	235
Dr.Mundo	40	30	1		17	23	43	2.6	7.5	32:33	7.6	549	363	-1.1	-192	-4
Kayn		39	26	1		14	25	36	2.2	3.7	31:29	6.6	439	378	4.5	-19	54
Ivern		29	32	1		16	13	55	4.2	3.2	29:17	5.1	188	298	-23.3	-919	-505
Sona		49	10	1		24	25	49	3.7	7.7	32:17	0.7	169	238	-4.6	-84	33
Nasus		37	21	1		16	21	43	2.1	7.5	30:13	6.2	443	354	-19.4	-965	-400
Chogath		41	9	1		21	20	51	2.4	7.9	32:15	7.2	365	358	-5.1	-284	-153
Annie		12	37	1		7	5	58	3.7	3.9	31:01	7.3	569	382	4.3	25	-278
Anivia		21	25	1		9	12	43	2.7	7.0	30:31	8.4	479	382	3.7	289	143
Heimerdinger	22	23	1		6	16	27	1.7	3.8	32:42	5.2	510	321	-0.7	-26	209
Kled		13	23	0		8	5	62	3.7	5.4	34:50	7.6	444	393	-9.7	-201	-76
Fiddlesticks	11	19	0		3	8	27	1.7	4.3	32:36	5.4	360	315	2	-301	128
Shaco		11	17	0		6	5	55	3.5	4.9	32:09	5.4	359	348	-4	137	-159
Singed		17	10	0		10	7	59	2.4	6.5	31:14	5.1	289	312	-14.9	-546	-388
Malzahar	15	5	0		8	7	53	3.2	8.2	31:03	7.9	412	378	-7.4	-332	272
Aurelion_Sol	4	13	0		3	1	75	7.4	2.1	32:27	8.2	557	417	-20	-508	-422
Elise		7	6	0		4	3	57	4.3	7.5	35:58	5.1	378	325	-9.2	357	-380
Neeko		7	6	0		1	6	14	1.6	5.0	31:05	4.9	439	314	4.1	30	141
Yorick		8	2	0		3	5	38	1.2	9.5	26:39	8.4	459	393	-2	107	19
Garen		5	4	0		1	4	20	1.4	9.3	28:59	8.1	393	398	-4.4	-82	-56
Katarina	3	5	0		1	2	33	3.4	7.6	34:45	6.9	430	373	-16.3	-546	-75
Teemo		7	1	0		1	6	14	1.8	6.0	29:35	7.4	692	404	6.4	613	452
Brand		3	4	0		1	2	33	2.3	6.5	30:46	9.2	723	385	17.5	-154	391
Nunu		3	3	0		1	2	33	1.6	4.3	26:56	4.7	377	335	-5	-372	-476
Rammus		2	3	0		1	1	50	6.7	5.3	32:19	5.1	278	329	-16	-238	-906
Quinn		2	1	0		0	2	0	1.0	8.0	28:52	7.7	488	360	-22	-1255	-964
Zyra		3	0	0		1	2	33	2.6	0	33:41	0.8	353	256	-6.7	132	690
Illaoi		1	2	0		0	1	0	0.4	4.0	25:43	7.5	398	305	-18	-1635	-316
Fizz		2	0	0		0	2	0	1.9	0	32:14	6.3	265	359	-18	-1124	-696
Master_Yi	2	0	0		1	1	50	1.9	0	29:05	4.3	579	373	-32	-1744	-962
Warwick		1	1	0		1	0	100	2.4	8.0	26:14	5.6	553	405	23	1880	1078
KSante		0	0	0		0	0	0	0	0	0:0	0	0	0	0	0	0
Milio		0	0	0		0	0	0	0	0	0:0	0	0	0	0	0	0
